,s5200,s5300,s_ext,mid5200,mid5300,m_ext
s5200,1.0,0.30759572531181606,0.008579133648993896,0.5196148602087929,0.5099910453831467,0.48040322444501277
s5300,0.30759572531181606,1.0,0.00538099178636199,0.48793292306045766,0.4954092219597963,0.42182946559327683
s_ext,0.008579133648993896,0.00538099178636199,1.0,0.017079771575451864,0.015561957114995187,0.025827267398321807
mid5200,0.5196148602087929,0.48793292306045766,0.017079771575451864,1.0,0.981800817168058,0.928653654953508
mid5300,0.5099910453831467,0.4954092219597963,0.015561957114995187,0.981800817168058,1.0,0.8499751165508987
m_ext,0.48040322444501277,0.42182946559327683,0.025827267398321807,0.928653654953508,0.8499751165508987,1.0
