Burst vs control (VELVETFRUIT_EXTRACT forward, same row index K)
K=5  burst n=1608 mean=0.028918  control n=1608 mean=0.17662  welch_t=-1.948
K=20  burst n=1608 mean=0.33427  control n=1607 mean=0.16895  welch_t=1.059
K=100  burst n=1592 mean=0.4777  control n=1596 mean=-0.067669  welch_t=1.649
